年月日,證券代號,證券名稱,外資買進股數,外資賣出股數,投信買進股數,投信賣出股數,自營商買進股數,自營商賣出股數,三大法人買賣超股數
2014/08/07,2886,兆豐金          ,4542854,4619595,893000,60000,32015000,691000,32080259
2014/08/07,2409,友達            ,26896055,10169955,1595000,1386000,5043000,956000,21022100
2014/08/07,2353,宏??            ,11933653,6884830,29000,0,2668000,800000,6945823
2014/08/07,2352,佳世達          ,2408000,853000,0,9000,4886000,614000,5818000
2014/08/07,2034,允強            ,4043000,140000,600000,0,1103000,262000,5344000
2014/08/07,2891,中信金          ,16498373,10895155,173000,418000,398000,465000,5291218
2014/08/07,3481,群創            ,16863664,12095475,104000,2347000,1668000,627000,3566189
2014/08/07,3045,台灣大          ,4392156,1314885,36000,0,3000,15000,3101271
2014/08/07,1504,東元            ,9098107,5661237,20000,0,315000,729000,3042870
2014/08/07,2311,日月光          ,18172293,16361573,81000,266000,1844000,763000,2706720
2014/08/07,5871,F-中租          ,2949660,1461045,818000,0,918000,534000,2690615
2014/08/07,3231,緯創            ,5301612,2612026,47000,0,75000,294000,2517586
2014/08/07,1314,中石化          ,2391105,1511412,0,0,2183000,565000,2497693
2014/08/07,2823,中壽            ,4071000,1766015,26000,0,189000,154000,2365985
2014/08/07,2880,華南金          ,3278000,991910,60000,0,13000,30000,2329090
2014/08/07,2408,南亞科          ,2729000,888000,0,0,0,0,1841000
2014/08/07,2412,中華電          ,3732715,1933399,191000,0,3000,360000,1633316
2014/08/07,2881,富邦金          ,5767955,4188803,391000,41000,197000,496000,1630152
2014/08/07,2027,大成鋼          ,147000,264000,670000,0,1264000,271000,1546000
2014/08/07,2317,鴻海            ,7173502,6288355,159000,99000,1097000,668000,1374147
2014/08/07,2885,元大金          ,3666266,1318590,86000,31000,90000,1138000,1354676
2014/08/07,2379,瑞昱            ,2516588,1560663,280000,0,173000,56000,1352925
2014/08/07,2498,宏達電          ,1666991,829892,9000,0,558000,151000,1253099
2014/08/07,2308,台達電          ,4101986,3581775,398000,0,168000,87000,999211
2014/08/07,9933,中鼎            ,1605899,533245,16000,0,0,141000,947654
2014/08/07,2809,京城銀          ,1289000,318000,0,0,0,31000,940000
2014/08/07,1101,台泥            ,5551523,3998010,78000,0,234000,947000,918513
2014/08/07,4904,遠傳            ,2653587,1747655,31000,0,0,63000,873932
2014/08/07,3044,健鼎            ,839518,397670,0,0,429000,11000,859848
2014/08/07,3665,F-貿聯          ,121000,59000,156000,0,678000,94000,802000
2014/08/07,2492,華新科          ,320000,96000,576000,34000,0,0,766000
2014/08/07,2385,群光            ,922750,167430,15000,0,0,6000,764320
2014/08/07,1308,亞聚            ,794000,25000,0,0,0,35000,734000
2014/08/07,1305,華夏            ,1175000,433000,0,0,0,60000,682000
2014/08/07,1102,亞泥            ,2405420,1486610,32000,0,17000,329000,638810
2014/08/07,2204,中華            ,1089386,445000,6000,8000,0,18000,624386
2014/08/07,3519,綠能            ,706000,68000,0,0,0,16000,622000
2014/08/07,006207,FH滬深          ,0,0,0,0,2172000,1563000,609000
2014/08/07,2371,大同            ,1239372,793000,0,0,680000,518000,608372
2014/08/07,2834,臺企銀          ,1366099,916710,40000,63000,233000,54000,605389
2014/08/07,2356,英業達          ,1344899,769242,31000,0,283000,341000,548657
2014/08/07,1605,華新            ,1562362,1751445,33000,0,871000,198000,516917
2014/08/07,2915,潤泰全          ,1020000,417370,376000,378000,106000,245000,461630
2014/08/07,3450,聯鈞            ,235000,25000,389000,28000,31000,146000,456000
2014/08/07,4958,F-臻鼎          ,984690,385600,5000,121000,70000,98000,455090
2014/08/07,8046,南電            ,717029,184000,0,0,25000,111000,447029
2014/08/07,1708,東鹼            ,659000,215000,0,0,2000,35000,411000
2014/08/07,3189,景碩            ,1378651,814630,4000,44000,61000,202000,383021
2014/08/07,2323,中環            ,687000,305000,0,0,0,0,382000
2014/08/07,3561,昇陽科          ,450000,32000,0,7000,0,36000,375000
2014/08/07,2327,國巨            ,1238283,1229769,318000,0,189000,157000,358514
2014/08/07,2547,日勝生          ,458000,148000,0,0,11000,5000,316000
2014/08/07,3036,文曄            ,571000,151083,50000,2000,29000,185000,311917
2014/08/07,2883,開發金          ,7562935,7368335,138000,0,312000,335000,309600
2014/08/07,4952,凌通            ,300000,220000,220000,0,10000,7000,303000
2014/08/07,2434,統懋            ,309000,19000,0,0,0,1000,289000
2014/08/07,9945,潤泰新          ,842000,301155,16000,0,59000,331000,284845
2014/08/07,9914,美利達          ,399800,279080,232000,24000,30000,81000,277720
2014/08/07,3057,喬鼎            ,378000,39000,0,0,0,63000,276000
2014/08/07,5907,F-大洋          ,7000,47000,265000,0,57000,12000,270000
2014/08/07,1909,榮成            ,1417000,1033000,1000000,300000,5000,828000,261000
2014/08/07,2360,致茂            ,308000,49000,37000,0,39000,74000,261000
2014/08/07,2841,台開            ,296000,37000,0,0,0,3000,256000
2014/08/07,2374,佳能            ,278000,31000,1000,0,6000,0,254000
2014/08/07,4915,致伸            ,1591000,898000,20000,0,242000,701000,254000
2014/08/07,3013,晟銘電          ,275000,40000,13000,0,0,2000,246000
2014/08/07,2884,玉山金          ,4580935,3559682,558000,0,74000,1410000,243253
2014/08/07,2107,厚生            ,509000,200000,0,0,20000,90000,239000
2014/08/07,2892,第一金          ,3317603,2922155,76000,0,60000,293000,238448
2014/08/07,3686,達能            ,234000,0,0,0,0,0,234000
2014/08/07,9910,豐泰            ,214158,94160,111000,800,28000,27000,231198
2014/08/07,2355,敬鵬            ,727802,156000,5000,280000,25000,114000,207802
2014/08/07,2476,鉅祥            ,209000,0,0,0,0,4000,205000
2014/08/07,8215,明基材          ,407000,194000,0,5000,76000,85000,199000
2014/08/07,3376,新日興          ,317000,162000,62000,0,95000,113000,199000
2014/08/07,2913,農林            ,284000,78000,0,0,29000,45000,190000
2014/08/07,2481,強茂            ,239000,49000,0,0,14000,14000,190000
2014/08/07,2607,榮運            ,253000,29000,0,0,5000,40000,189000
2014/08/07,2618,長榮航          ,587000,352830,17000,0,17000,80000,188170
2014/08/07,3059,華晶科          ,460000,285000,0,0,37000,28000,184000
2014/08/07,3605,宏致            ,198000,16000,0,0,0,0,182000
2014/08/07,2837,萬泰銀          ,187000,0,0,0,0,6000,181000
2014/08/07,4960,奇美材          ,215000,698250,0,2000,886000,220290,180460
2014/08/07,1590,F-亞德          ,308000,117800,0,0,2000,14000,178200
2014/08/07,2401,凌陽            ,195000,10000,0,9000,0,0,176000
2014/08/07,2548,華固            ,181000,76000,74000,0,3000,7000,175000
2014/08/07,2426,鼎元            ,13000,210000,0,0,380000,11000,172000
2014/08/07,1310,台苯            ,225000,134000,0,0,86000,10000,167000
2014/08/07,8016,矽創            ,385000,58000,8000,0,0,175000,160000
2014/08/07,6215,和椿            ,209000,52000,0,0,0,0,157000
2014/08/07,9925,新保            ,97000,24000,85000,0,0,3000,155000
2014/08/07,3049,和鑫            ,170000,15000,0,0,0,0,155000
2014/08/07,9927,泰銘            ,159000,6000,0,0,0,2000,151000
2014/08/07,2332,友訊            ,47000,72000,0,6000,234000,53000,150000
2014/08/07,2890,永豐金          ,2023168,1895843,67000,0,65000,111000,148325
2014/08/07,2501,國建            ,161000,34000,27000,0,4000,10000,148000
2014/08/07,1416,廣豐            ,200000,51000,0,0,0,1000,148000
2014/08/07,1201,味全            ,167000,24000,0,0,11000,8000,146000
2014/08/07,6192,巨路            ,154000,7000,0,2000,0,2000,143000
2014/08/07,2354,鴻準            ,326980,190440,11000,0,3000,8000,142540
2014/08/07,2867,三商壽          ,274000,86000,0,0,0,54000,134000
2014/08/07,6120,達運            ,390000,240000,3000,0,0,20000,133000
2014/08/07,3094,聯傑            ,192000,62000,0,0,0,0,130000
2014/08/07,2484,希華            ,128000,0,0,0,0,0,128000
2014/08/07,1786,科妍            ,133000,20000,0,0,25000,11000,127000
2014/08/07,9939,宏全            ,189000,115000,100000,35000,31000,46000,124000
2014/08/07,8021,尖點            ,331000,213000,0,0,0,1000,117000
2014/08/07,8105,凌巨            ,132000,12000,0,0,0,4000,116000
2014/08/07,2838,聯邦銀          ,155000,34000,0,0,0,6000,115000
2014/08/07,3311,閎暉            ,152000,38000,1000,0,0,0,115000
2014/08/07,2104,中橡            ,226000,90000,0,13000,0,10000,113000
2014/08/07,1560,中砂            ,185000,38000,0,0,0,36000,111000
2014/08/07,1527,鑽全            ,202000,93000,0,0,0,1000,108000
2014/08/07,3583,辛耘            ,58259,7000,56000,0,0,0,107259
2014/08/07,2402,毅嘉            ,580000,556000,200000,0,58000,176000,106000
2014/08/07,3032,偉訓            ,3000,68000,200000,34000,0,0,101000
2014/08/07,1459,聯發            ,108000,6000,0,0,1000,2000,101000
2014/08/07,9942,茂順            ,113000,4000,45000,39000,0,15000,100000
2014/08/07,3653,健策            ,75000,84000,0,0,149000,40000,100000
2014/08/07,2022,聚亨            ,139000,33000,0,0,0,9000,97000
2014/08/07,2459,敦吉            ,147000,66000,14000,0,0,0,95000
2014/08/07,8101,華冠            ,174000,52000,0,29000,0,0,93000
2014/08/07,1513,中興電          ,43000,14000,80000,0,30000,48000,91000
2014/08/07,3034,聯詠            ,2965000,2902130,352000,0,168000,497000,85870
2014/08/07,2538,基泰            ,235000,148000,0,0,0,2000,85000
2014/08/07,1736,喬山            ,148000,183000,0,0,186000,67000,84000
2014/08/07,2015,豐興            ,210000,111000,0,0,0,15000,84000
2014/08/07,3545,敦泰            ,134000,52000,1000,0,0,0,83000
2014/08/07,2497,怡利電          ,156000,75000,0,0,0,0,81000
2014/08/07,1466,聚隆            ,78000,0,0,0,0,1000,77000
2014/08/07,3383,新世紀          ,491000,414000,0,0,0,0,77000
2014/08/07,2328,廣宇            ,120000,30000,7000,0,0,21000,76000
2014/08/07,4142,國光生          ,75000,0,0,0,0,1000,74000
2014/08/07,2349,錸德            ,331000,257246,0,0,0,0,73754
2014/08/07,01003T,新光R1          ,72000,0,0,0,0,0,72000
2014/08/07,4306,炎洲            ,90000,15000,0,0,0,4000,71000
2014/08/07,2506,太設            ,93000,21000,0,0,0,2000,70000
2014/08/07,2723,F-美食          ,176000,94000,0,0,0,12000,70000
2014/08/07,2505,國揚            ,221000,143000,0,0,0,8000,70000
2014/08/07,9924,福興            ,72000,4000,0,0,0,0,68000
2014/08/07,2601,益航            ,123000,22000,0,0,0,35000,66000
2014/08/07,3055,蔚華科          ,74000,7000,0,0,0,1000,66000
2014/08/07,1419,新紡            ,67000,3000,0,0,0,0,64000
2014/08/07,3454,晶睿            ,17000,81000,0,4149,132000,0,63851
2014/08/07,1906,寶隆            ,66000,0,0,0,0,3000,63000
2014/08/07,1340,F-勝悅          ,65000,4000,0,0,0,0,61000
2014/08/07,2305,全友            ,67000,7000,0,0,0,0,60000
2014/08/07,3041,揚智            ,115000,28000,0,2000,13000,40000,58000
2014/08/07,2511,太子            ,102000,17000,0,0,0,27000,58000
2014/08/07,5203,訊連            ,64000,7000,0,0,0,0,57000
2014/08/07,4994,傳奇            ,35000,25000,0,0,91000,44000,57000
2014/08/07,9136,巨騰            ,115000,0,0,0,0,58000,57000
2014/08/07,2456,奇力新          ,136000,85000,57000,0,170000,222000,56000
2014/08/07,1225,福懋油          ,75000,26000,0,0,4000,2000,51000
2014/08/07,2468,華經            ,69000,19000,0,0,0,0,50000
2014/08/07,8011,台通            ,87000,7000,0,0,0,30000,50000
2014/08/07,4106,雃博            ,279000,19000,0,210000,0,1000,49000
2014/08/07,2421,建準            ,50000,3000,0,0,0,0,47000
2014/08/07,1418,東華            ,45000,0,0,0,4000,3000,46000
2014/08/07,2014,中鴻            ,87000,30000,0,0,0,12000,45000
2014/08/07,4414,如興            ,49000,3000,0,0,0,1000,45000
2014/08/07,2228,劍麟            ,3000,15000,57000,0,10000,10000,45000
2014/08/07,1613,台一            ,50000,6000,0,0,0,0,44000
2014/08/07,5522,遠雄            ,185000,136260,4000,0,0,9000,43740
2014/08/07,2030,彰源            ,49000,2000,0,0,0,4000,43000
2014/08/07,5538,F-東明          ,2000,1000,42000,0,0,2000,41000
2014/08/07,3703,欣陸            ,55000,5000,0,0,0,9000,41000
2014/08/07,4104,佳醫            ,49000,9000,0,0,0,0,40000
2014/08/07,1103,嘉泥            ,47000,2000,0,0,0,5000,40000
2014/08/07,9943,好樂迪          ,71000,29000,0,0,0,2000,40000
2014/08/07,2208,台船            ,75000,34000,0,0,0,2000,39000
2014/08/07,2833,台壽保          ,158000,47000,0,0,0,72000,39000
2014/08/07,2450,神腦            ,50000,16000,1000,0,2000,0,37000
2014/08/07,8070,長華            ,32000,4000,8000,0,0,0,36000
2014/08/07,01008T,駿馬R1          ,36000,0,0,0,0,0,36000
2014/08/07,6239,力成            ,1173175,1081111,19000,0,36000,112000,35064
2014/08/07,3209,全科            ,40000,6000,0,0,0,0,34000
2014/08/07,1734,杏輝            ,64000,14000,0,0,0,16000,34000
2014/08/07,2597,潤弘            ,2000,1000,35000,0,1000,3000,34000
2014/08/07,1701,中化            ,165000,132000,0,0,0,0,33000
2014/08/07,3018,同開            ,34000,1000,0,0,0,0,33000
2014/08/07,006206,元上證          ,146000,0,0,0,2260000,2374000,32000
2014/08/07,2441,超豐            ,796000,712000,0,1000,61000,113000,31000
2014/08/07,2114,鑫永銓          ,34000,3000,0,0,0,0,31000
2014/08/07,2365,昆盈            ,38000,8000,0,0,0,0,30000
2014/08/07,6278,台表科          ,150000,40000,0,2000,10000,88000,30000
2014/08/07,3004,豐達科          ,33000,2000,0,0,0,1000,30000
2014/08/07,5434,崇越            ,50000,119000,100000,2000,0,0,29000
2014/08/07,2520,冠德            ,428000,325000,0,0,25000,99000,29000
2014/08/07,6414,樺漢            ,32000,11000,3000,0,16000,11000,29000
2014/08/07,1235,興泰            ,28000,0,0,0,0,0,28000
2014/08/07,3058,立德            ,26000,7000,0,0,7000,0,26000
2014/08/07,2478,大毅            ,62000,8000,0,28000,0,0,26000
2014/08/07,6409,旭隼            ,59000,44000,20000,0,3000,14000,24000
2014/08/07,1707,葡萄王          ,134000,136000,0,15000,78000,38000,23000
2014/08/07,910861,神州            ,23000,0,0,0,0,0,23000
2014/08/07,1438,裕豐            ,24000,0,0,0,0,1000,23000
2014/08/07,2017,官田鋼          ,41000,15000,0,0,0,3000,23000
2014/08/07,4930,燦星網          ,28000,2000,0,0,0,4000,22000
2014/08/07,1710,東聯            ,64000,96000,13000,0,45000,4000,22000
2014/08/07,2024,志聯            ,23000,3000,0,0,1000,0,21000
2014/08/07,2388,威盛            ,77000,56000,0,0,0,0,21000
2014/08/07,9944,新麗            ,28000,6000,0,0,0,2000,20000
2014/08/07,1604,聲寶            ,55000,32000,0,0,0,3000,20000
2014/08/07,3669,圓展            ,24000,4000,0,0,0,0,20000
2014/08/07,1454,台富            ,20000,0,0,0,0,0,20000
2014/08/07,9958,世紀鋼          ,15000,1000,0,0,7000,1000,20000
2014/08/07,3559,全智科          ,24000,4000,0,0,0,0,20000
2014/08/07,6281,全國電          ,19000,0,0,0,0,0,19000
2014/08/07,2493,揚博            ,29000,2000,0,0,0,8000,19000
2014/08/07,1512,瑞利            ,23000,4000,0,0,0,0,19000
2014/08/07,2359,所羅門          ,22000,3000,0,0,0,0,19000
2014/08/07,2906,高林            ,28000,9000,0,0,0,0,19000
2014/08/07,910322,康師傅          ,19000,0,0,0,0,0,19000
2014/08/07,2049,上銀            ,189281,215319,2000,15000,260000,202000,18962
2014/08/07,9906,欣巴巴          ,24000,4000,0,0,0,2000,18000
2014/08/07,2020,美亞            ,19000,1000,0,0,0,0,18000
2014/08/07,911609,揚子江          ,17000,0,0,0,0,0,17000
2014/08/07,5269,祥碩            ,17000,3000,3000,0,0,0,17000
2014/08/07,3593,力銘            ,21000,4000,0,0,0,0,17000
2014/08/07,1626,F-艾美          ,16000,0,0,0,0,0,16000
2014/08/07,4755,三福化          ,15000,0,0,0,0,0,15000
2014/08/07,2424,隴華            ,15000,0,0,0,0,0,15000
2014/08/07,6139,亞翔            ,0,5000,21000,0,0,1000,15000
2014/08/07,3296,勝德            ,15000,10000,0,0,9000,0,14000
2014/08/07,6277,宏正            ,14000,38000,43000,0,0,5000,14000
2014/08/07,2031,新光鋼          ,16000,0,0,0,0,2000,14000
2014/08/07,2509,全坤建          ,20000,5000,0,0,0,1000,14000
2014/08/07,2395,研華            ,200592,269040,73000,0,11000,2000,13552
2014/08/07,1443,立益            ,13000,0,0,0,1000,1000,13000
2014/08/07,3406,玉晶光          ,100000,66000,0,0,3000,24000,13000
2014/08/07,2032,新鋼            ,13000,0,0,0,0,0,13000
2014/08/07,5519,隆大            ,14000,0,0,0,0,1000,13000
2014/08/07,1614,三洋電          ,14000,0,0,0,0,1000,13000
2014/08/07,2706,第一店          ,15000,3000,0,0,0,0,12000
2014/08/07,2462,良得電          ,19000,7000,0,0,0,0,12000
2014/08/07,6164,華興            ,20000,8000,0,0,0,0,12000
2014/08/07,9802,F-鈺齊          ,18000,6000,0,0,0,0,12000
2014/08/07,4746,台耀            ,33000,22000,0,0,0,0,11000
2014/08/07,1810,和成            ,15000,2000,0,0,0,2000,11000
2014/08/07,2611,志信            ,11000,0,0,0,0,0,11000
2014/08/07,3515,華擎            ,20000,10000,1000,0,0,0,11000
2014/08/07,1704,榮化            ,11000,0,0,0,0,0,11000
2014/08/07,1203,味王            ,7000,1000,0,0,5000,1000,10000
2014/08/07,3016,嘉晶            ,14000,4000,0,0,0,0,10000
2014/08/07,2115,F-六暉          ,27000,2000,0,0,0,15000,10000
2014/08/07,1219,福壽            ,12000,4000,0,0,4000,2000,10000
2014/08/07,2427,三商電          ,16000,6000,0,0,0,0,10000
2014/08/07,6189,豐藝            ,17000,5000,0,0,0,2000,10000
2014/08/07,5906,F-台南          ,10000,0,0,0,0,0,10000
2014/08/07,1726,永記            ,19000,10000,0,0,0,0,9000
2014/08/07,2430,燦坤            ,15000,6000,1000,0,0,1000,9000
2014/08/07,4133,亞諾法          ,11000,1000,0,0,0,1000,9000
2014/08/07,2358,廷鑫            ,71000,62000,0,0,0,0,9000
2014/08/07,6183,關貿            ,13000,4000,0,0,0,0,9000
2014/08/07,1457,宜進            ,13000,4000,0,0,0,0,9000
2014/08/07,2904,匯僑            ,12000,3000,0,0,0,0,9000
2014/08/07,2340,光磊            ,80000,81000,10000,0,0,0,9000
2014/08/07,1217,愛之味          ,59000,48000,0,0,0,2000,9000
2014/08/07,6213,聯茂            ,35000,25000,0,1000,0,0,9000
2014/08/07,3056,總太            ,17000,7000,0,0,0,2000,8000
2014/08/07,2702,華園            ,8000,0,0,0,0,0,8000
2014/08/07,5225,F-東科          ,17000,9000,0,0,0,0,8000
2014/08/07,6131,悠克            ,36000,24000,0,0,0,4000,8000
2014/08/07,3008,大立光          ,131915,103295,3000,12000,86000,98000,7620
2014/08/07,2608,大榮            ,23000,13000,0,0,0,3000,7000
2014/08/07,3437,榮創            ,110000,16000,0,0,142000,229000,7000
2014/08/07,8033,雷虎            ,9000,1000,0,0,0,1000,7000
2014/08/07,1735,日勝化          ,7000,0,0,0,0,0,7000
2014/08/07,1526,日馳            ,7000,0,0,0,0,0,7000
2014/08/07,1110,東泥            ,12000,4000,0,0,2000,4000,6000
2014/08/07,3050,鈺德            ,6000,0,0,0,0,0,6000
2014/08/07,2413,環科            ,13000,9000,0,0,2000,0,6000
2014/08/07,2399,映泰            ,13000,7000,0,0,0,0,6000
2014/08/07,3167,大量            ,1000,1000,0,0,6000,1000,5000
2014/08/07,2414,精技            ,6000,1000,0,0,0,0,5000
2014/08/07,1446,宏和            ,5000,2000,0,0,3000,1000,5000
2014/08/07,2642,宅配通          ,5000,0,0,0,0,0,5000
2014/08/07,3011,今皓            ,7000,2000,0,0,0,0,5000
2014/08/07,1452,宏益            ,16000,11000,0,0,0,0,5000
2014/08/07,4999,鑫禾            ,25000,15000,0,0,0,5000,5000
2014/08/07,0057,FB摩台          ,0,0,0,0,13000,8000,5000
2014/08/07,6152,百一            ,19000,14000,0,0,0,0,5000
2014/08/07,3706,神達            ,128000,102000,2000,0,12000,35000,5000
2014/08/07,3338,泰碩            ,7000,3000,0,0,0,0,4000
2014/08/07,1233,天仁            ,5000,1000,0,0,0,0,4000
2014/08/07,3164,景岳            ,7000,3000,0,0,0,0,4000
2014/08/07,006203,寶摩臺          ,0,0,0,0,4000,0,4000
2014/08/07,3026,禾伸堂          ,113000,110000,1000,0,0,0,4000
2014/08/07,3694,海華            ,4000,0,0,0,0,0,4000
2014/08/07,1104,環泥            ,25000,14000,0,0,0,7000,4000
2014/08/07,2722,夏都            ,4000,0,0,0,0,0,4000
2014/08/07,4976,佳凌            ,3000,0,0,0,1000,1000,3000
2014/08/07,1108,幸福            ,7000,1000,0,0,0,3000,3000
2014/08/07,4536,拓凱            ,4000,0,0,0,0,1000,3000
2014/08/07,2464,盟立            ,32000,26000,0,0,0,3000,3000
2014/08/07,1530,亞崴            ,11000,7000,0,0,0,1000,3000
2014/08/07,3591,艾笛森          ,41000,38000,0,0,0,0,3000
2014/08/07,8404,F-百和          ,11000,6000,0,0,0,2000,3000
2014/08/07,8201,無敵            ,0,6000,0,0,9000,0,3000
2014/08/07,910708,?琱j健          ,3000,0,0,0,0,0,3000
2014/08/07,2397,友通            ,22000,19000,0,0,0,0,3000
2014/08/07,1323,永裕            ,5000,7000,0,0,5000,0,3000
2014/08/07,1762,中化生          ,11000,7000,0,0,0,1000,3000
2014/08/07,2537,聯上發          ,3000,0,0,0,0,0,3000
2014/08/07,6405,悅城            ,3000,1000,0,0,0,0,2000
2014/08/07,4722,國精化          ,2000,0,0,0,0,0,2000
2014/08/07,1339,昭輝            ,24000,22000,0,0,0,0,2000
2014/08/07,3015,全漢            ,23000,21000,0,0,0,0,2000
2014/08/07,3501,維熹            ,17000,5000,0,10000,0,0,2000
2014/08/07,2705,六福            ,22000,16000,0,0,0,4000,2000
2014/08/07,2486,一詮            ,39000,38000,0,0,0,0,1000
2014/08/07,1730,花仙子          ,6000,5000,0,0,0,0,1000
2014/08/07,3645,達邁            ,37000,37000,0,0,1000,0,1000
2014/08/07,911626,MSH             ,1000,0,0,0,0,0,1000
2014/08/07,3679,新至陞          ,0,5000,0,0,6000,0,1000
2014/08/07,1473,台南            ,40000,37000,0,0,0,2000,1000
2014/08/07,2929,F-淘帝          ,8000,4000,0,0,0,3000,1000
2014/08/07,1423,利華            ,3000,1000,0,0,0,1000,1000
2014/08/07,2425,承啟            ,29000,27000,0,0,1000,2000,1000
2014/08/07,9918,欣天然          ,1000,0,0,0,0,0,1000
2014/08/07,2415,錩新            ,3000,2000,0,0,0,0,1000
2014/08/07,4956,光鋐            ,6000,5000,0,0,0,0,1000
2014/08/07,6141,柏承            ,3000,1000,0,0,0,1000,1000
2014/08/07,2440,太空梭          ,1000,1000,0,0,1000,0,1000
2014/08/07,3046,建??            ,1000,0,0,0,0,0,1000
2014/08/07,2423,固緯            ,1000,1000,0,0,0,0,0
2014/08/07,2028,威致            ,2000,0,0,0,0,2000,0
2014/08/07,2546,根基            ,1000,1000,0,0,0,0,0
2014/08/07,3494,誠研            ,11000,11000,0,0,0,0,0
2014/08/07,2012,春雨            ,3000,8000,0,0,8000,3000,0
2014/08/07,1309,台達化          ,97000,96000,0,0,0,1000,0
2014/08/07,2852,第一保          ,1000,1000,0,0,0,0,0
2014/08/07,1515,力山            ,1000,0,0,0,0,1000,0
2014/08/07,6184,大豐電          ,1000,1000,0,0,0,0,0
2014/08/07,1439,中和            ,1000,0,0,0,0,1000,0
2014/08/07,1262,F-綠悅          ,275000,277000,0,0,18000,16000,0
2014/08/07,6128,上福            ,3000,2000,0,0,0,1000,0
2014/08/07,2033,佳大            ,0,0,0,0,0,1000,-1000
2014/08/07,2612,中航            ,1000,2000,0,0,0,0,-1000
2014/08/07,2539,櫻花建          ,0,1000,0,0,0,0,-1000
2014/08/07,2910,統領            ,4000,0,0,0,0,5000,-1000
2014/08/07,5285,界霖            ,0,1000,0,0,0,0,-1000
2014/08/07,1465,偉全            ,2000,3000,0,0,0,0,-1000
2014/08/07,1524,耿鼎            ,1000,2000,0,0,0,0,-1000
2014/08/07,9929,秋雨            ,0,1000,0,0,0,0,-1000
2014/08/07,6155,鈞寶            ,0,1000,0,0,0,0,-1000
2014/08/07,2466,冠西電          ,1000,2000,0,0,0,0,-1000
2014/08/07,4426,利勤            ,0,0,0,0,0,1000,-1000
2014/08/07,912398,友佳            ,0,1000,0,0,0,0,-1000
2014/08/07,1475,本盟            ,0,1000,0,0,0,0,-1000
2014/08/07,3535,晶彩科          ,0,1000,0,0,0,0,-1000
2014/08/07,1617,榮星            ,1000,2000,0,0,0,0,-1000
2014/08/07,1725,元禎            ,0,0,0,0,0,1000,-1000
2014/08/07,5525,順天            ,0,1000,0,0,0,0,-1000
2014/08/07,910801,金衛            ,0,3000,0,0,14000,12000,-1000
2014/08/07,1472,三洋紡          ,1000,2000,0,0,0,0,-1000
2014/08/07,1324,地球            ,0,0,0,0,0,1000,-1000
2014/08/07,3432,台端            ,0,0,0,0,0,1000,-1000
2014/08/07,2025,千興            ,0,0,0,0,0,1000,-1000
2014/08/07,3027,盛達            ,1000,3000,0,0,0,0,-2000
2014/08/07,1474,弘裕            ,0,0,0,0,0,2000,-2000
2014/08/07,8261,富鼎            ,1000,3000,0,0,0,0,-2000
2014/08/07,1713,國化            ,0,1000,0,0,0,1000,-2000
2014/08/07,1902,台紙            ,2000,1000,0,0,0,3000,-2000
2014/08/07,2528,皇普            ,0,2000,0,0,0,0,-2000
2014/08/07,3038,全台            ,17000,18000,0,0,0,1000,-2000
2014/08/07,5484,慧友            ,0,3000,0,0,1000,0,-2000
2014/08/07,9935,慶豐富          ,2000,1000,0,0,0,3000,-2000
2014/08/07,2614,東森            ,38000,35000,0,0,0,5000,-2000
2014/08/07,3052,夆典            ,11000,12000,0,0,0,1000,-2000
2014/08/07,1436,華友聯          ,0,2000,0,0,0,0,-2000
2014/08/07,1616,億泰            ,0,0,0,0,0,2000,-2000
2014/08/07,1213,大飲            ,0,2000,0,0,0,0,-2000
2014/08/07,1413,宏洲            ,0,0,0,0,0,2000,-2000
2014/08/07,0051,中100           ,0,0,0,0,0,3000,-3000
2014/08/07,0059,FB金融          ,0,0,0,0,1000,4000,-3000
2014/08/07,3047,訊舟            ,1000,4000,0,0,0,0,-3000
2014/08/07,1721,三晃            ,0,2000,0,0,0,1000,-3000
2014/08/07,1435,中福            ,1000,0,0,0,0,4000,-3000
2014/08/07,2543,皇昌            ,0,2000,0,0,0,1000,-3000
2014/08/07,2855,統一證          ,56000,56000,0,0,0,3000,-3000
2014/08/07,9955,佳龍            ,0,0,0,0,0,3000,-3000
2014/08/07,3029,零壹            ,0,3000,0,0,0,0,-3000
2014/08/07,2375,智寶            ,0,3000,0,0,0,0,-3000
2014/08/07,3638,F-IML           ,0,3000,0,0,0,0,-3000
2014/08/07,1445,大宇            ,0,1000,0,0,0,2000,-3000
2014/08/07,1538,正峰新          ,1000,3000,0,0,0,2000,-4000
2014/08/07,6142,友勁            ,0,3000,0,0,0,1000,-4000
2014/08/07,2460,建通            ,0,2000,0,0,0,2000,-4000
2014/08/07,8213,志超            ,378000,326000,0,3000,0,53000,-4000
2014/08/07,4737,華廣            ,0,3000,0,0,0,1000,-4000
2014/08/07,6224,聚鼎            ,1000,5000,0,0,0,0,-4000
2014/08/07,2712,遠雄來          ,0,1000,0,0,0,3000,-4000
2014/08/07,2483,百容            ,0,5000,0,0,1000,0,-4000
2014/08/07,2453,凌群            ,2000,6000,0,0,0,0,-4000
2014/08/07,1541,錩泰            ,0,3000,0,0,0,1000,-4000
2014/08/07,2029,盛餘            ,7000,7000,0,0,0,4000,-4000
2014/08/07,1724,台硝            ,0,4000,0,0,0,0,-4000
2014/08/07,1521,大億            ,5000,5000,0,6000,3000,1000,-4000
2014/08/07,5533,皇鼎            ,1000,1000,0,0,0,4000,-4000
2014/08/07,9905,大華            ,7000,10000,0,0,0,1000,-4000
2014/08/07,2812,台中銀          ,18000,64000,0,0,50000,9000,-5000
2014/08/07,6166,凌華            ,198000,43000,0,2000,11000,169000,-5000
2014/08/07,1442,名軒            ,0,5000,0,0,3000,3000,-5000
2014/08/07,9919,康那香          ,2000,6000,0,0,0,1000,-5000
2014/08/07,1618,合機            ,0,0,0,0,0,5000,-5000
2014/08/07,2455,全新            ,145000,148000,0,2000,0,0,-5000
2014/08/07,0058,FB發達          ,0,0,0,0,0,5000,-5000
2014/08/07,8072,陞泰            ,3000,8000,0,0,0,0,-5000
2014/08/07,2832,台產            ,1000,5000,0,0,0,1000,-5000
2014/08/07,3557,嘉威            ,0,5000,0,0,0,0,-5000
2014/08/07,2321,東訊            ,0,5000,0,0,0,0,-5000
2014/08/07,4916,事欣科          ,0,4000,0,0,0,1000,-5000
2014/08/07,1603,華電            ,1000,1000,0,0,0,5000,-5000
2014/08/07,1773,勝一            ,5000,9000,0,0,0,1000,-5000
2014/08/07,2480,敦陽科          ,2000,7000,0,0,0,0,-5000
2014/08/07,2471,資通            ,0,5000,0,0,0,0,-5000
2014/08/07,0052,FB科技          ,0,0,0,0,0,6000,-6000
2014/08/07,1732,毛寶            ,0,5000,0,0,0,1000,-6000
2014/08/07,2038,海光            ,0,6000,0,0,0,0,-6000
2014/08/07,6216,居易            ,0,6000,0,0,0,0,-6000
2014/08/07,3312,弘憶股          ,0,6000,0,0,0,0,-6000
2014/08/07,3536,誠創            ,1000,7000,0,0,1000,1000,-6000
2014/08/07,1231,聯華食          ,6000,10000,0,0,0,2000,-6000
2014/08/07,2849,安泰銀          ,6000,9000,0,0,0,3000,-6000
2014/08/07,2514,龍邦            ,65000,53000,0,0,0,19000,-7000
2014/08/07,1414,東和            ,0,6000,0,0,0,1000,-7000
2014/08/07,9937,全國            ,1000,6000,0,0,0,2000,-7000
2014/08/07,2302,麗正            ,0,0,0,0,0,7000,-7000
2014/08/07,01002T,國泰R1          ,0,7000,0,0,0,0,-7000
2014/08/07,2010,春源            ,10000,3000,0,0,0,14000,-7000
2014/08/07,1817,凱撒衛          ,0,7000,0,0,0,0,-7000
2014/08/07,2108,南帝            ,0,5000,0,0,0,2000,-7000
2014/08/07,6136,富爾特          ,0,7000,0,0,0,0,-7000
2014/08/07,1410,南染            ,1000,7000,0,0,0,1000,-7000
2014/08/07,1783,和康生          ,3000,9000,0,0,0,1000,-7000
2014/08/07,2613,中櫃            ,6000,13000,0,0,0,1000,-8000
2014/08/07,1539,巨庭            ,0,7000,0,0,0,1000,-8000
2014/08/07,6115,鎰勝            ,1000,8000,0,0,0,1000,-8000
2014/08/07,1325,恆大            ,0,8000,0,0,0,0,-8000
2014/08/07,2617,台航            ,2000,7000,0,0,0,3000,-8000
2014/08/07,3518,柏騰            ,1000,9000,0,0,0,0,-8000
2014/08/07,3025,星通            ,0,8000,0,0,0,0,-8000
2014/08/07,3419,譁裕            ,0,9000,0,0,0,0,-9000
2014/08/07,3617,碩天            ,0,9000,0,0,0,0,-9000
2014/08/07,1525,江申            ,5000,13000,0,0,0,1000,-9000
2014/08/07,1535,中宇            ,0,10000,0,0,0,0,-10000
2014/08/07,1519,華城            ,0,8000,0,0,0,2000,-10000
2014/08/07,2851,中再保          ,2000,10000,0,0,0,2000,-10000
2014/08/07,3584,介面            ,23000,31000,0,0,0,2000,-10000
2014/08/07,8131,福懋科          ,27000,33000,0,1000,0,3000,-10000
2014/08/07,1232,大統益          ,1000,9000,0,0,0,2000,-10000
2014/08/07,6133,金橋            ,0,10000,0,0,0,0,-10000
2014/08/07,4108,懷特            ,3000,12000,0,0,0,1000,-10000
2014/08/07,1568,倉佑            ,2000,10000,0,0,0,2000,-10000
2014/08/07,1467,南緯            ,0,8000,0,0,0,3000,-11000
2014/08/07,5521,工信            ,0,9000,0,0,0,2000,-11000
2014/08/07,1808,潤隆            ,0,10000,0,0,0,1000,-11000
2014/08/07,1583,程泰            ,7000,16000,0,0,0,2000,-11000
2014/08/07,1437,勤益控          ,24000,34000,0,0,0,1000,-11000
2014/08/07,2314,台揚            ,9000,20000,0,0,0,0,-11000
2014/08/07,3305,昇貿            ,2000,13000,0,0,0,1000,-12000
2014/08/07,1417,嘉裕            ,22000,27000,0,0,0,7000,-12000
2014/08/07,8427,F-基勝          ,3000,4000,0,11000,0,0,-12000
2014/08/07,2367,燿華            ,109000,130000,9000,0,0,0,-12000
2014/08/07,1903,士紙            ,6000,17000,0,0,0,1000,-12000
2014/08/07,2465,麗臺            ,0,12000,0,0,0,0,-12000
2014/08/07,2380,虹光            ,0,13000,0,0,0,0,-13000
2014/08/07,1809,中釉            ,1000,13000,0,0,0,1000,-13000
2014/08/07,3308,聯德            ,3000,31000,0,0,15000,0,-13000
2014/08/07,2856,元富證          ,257000,271000,0,0,0,0,-14000
2014/08/07,3573,穎台            ,0,13000,0,0,0,1000,-14000
2014/08/07,1540,喬福            ,4000,18000,0,0,0,0,-14000
2014/08/07,2727,王品            ,7000,17000,0,0,0,4000,-14000
2014/08/07,5469,瀚宇博          ,0,1000,0,13000,0,0,-14000
2014/08/07,2477,美隆電          ,0,14000,0,0,0,0,-14000
2014/08/07,4984,F-科納          ,9000,24000,0,0,0,0,-15000
2014/08/07,4906,正文            ,11000,29000,3000,0,0,0,-15000
2014/08/07,5607,遠雄港          ,7000,19000,0,0,0,3000,-15000
2014/08/07,2536,宏普            ,32000,43000,0,0,0,4000,-15000
2014/08/07,911616,杜康            ,0,15000,0,0,0,0,-15000
2014/08/07,1451,年興            ,6000,19000,0,0,0,2000,-15000
2014/08/07,1609,大亞            ,22000,34000,0,0,0,3000,-15000
2014/08/07,1517,利奇            ,0,13000,0,0,0,2000,-15000
2014/08/07,6283,淳安            ,0,15000,0,0,0,0,-15000
2014/08/07,0055,寶金融          ,0,0,0,0,38000,54000,-16000
2014/08/07,2316,楠梓電          ,3000,17000,0,0,0,2000,-16000
2014/08/07,1464,得力            ,0,14000,0,0,0,2000,-16000
2014/08/07,6117,迎廣            ,5000,21000,0,0,0,0,-16000
2014/08/07,8429,F-金麗          ,8000,9000,0,0,0,15000,-16000
2014/08/07,3257,虹冠電          ,22000,40000,30000,31000,31000,29000,-17000
2014/08/07,1109,信大            ,2000,13000,0,0,0,6000,-17000
2014/08/07,1307,三芳            ,1000,14000,0,0,0,4000,-17000
2014/08/07,2201,裕隆            ,208373,182690,9000,0,0,52000,-17317
2014/08/07,3002,歐格            ,0,18000,0,0,0,0,-18000
2014/08/07,2008,高興昌          ,0,17000,0,0,0,1000,-18000
2014/08/07,3596,智易            ,66000,82934,3000,0,0,5000,-18934
2014/08/07,8374,羅昇            ,0,19000,0,0,0,0,-19000
2014/08/07,2850,新產            ,13000,30000,0,0,0,2000,-19000
2014/08/07,2387,精元            ,71000,33000,0,38000,0,19000,-19000
2014/08/07,1477,聚陽            ,30777,45000,0,0,18000,23000,-19223
2014/08/07,5007,三星            ,79000,111000,100000,0,0,88000,-20000
2014/08/07,0053,寶電子          ,0,0,0,0,0,20000,-20000
2014/08/07,1612,宏泰            ,8000,20000,0,0,0,8000,-20000
2014/08/07,6177,達麗            ,0,18000,0,0,0,2000,-20000
2014/08/07,2707,晶華            ,3000,22200,1000,0,0,2000,-20200
2014/08/07,6165,捷泰            ,50000,71000,0,0,0,0,-21000
2014/08/07,3504,揚明光          ,49000,16000,1000,44000,5000,16000,-21000
2014/08/07,9908,大台北          ,0,19000,0,0,0,2000,-21000
2014/08/07,5280,F-敦泰          ,14000,28000,0,0,0,8000,-22000
2014/08/07,2417,圓剛            ,3000,25000,0,0,0,0,-22000
2014/08/07,1905,華紙            ,13000,25000,0,0,0,11000,-23000
2014/08/07,2351,順德            ,9000,35000,3000,0,0,0,-23000
2014/08/07,1522,堤維西          ,6000,23000,0,0,1000,7000,-23000
2014/08/07,2836,高雄銀          ,5000,29000,0,0,0,0,-24000
2014/08/07,2433,互盛電          ,0,20000,0,4000,0,0,-24000
2014/08/07,2437,旺詮            ,11000,16000,0,15000,0,4000,-24000
2014/08/07,6205,詮欣            ,0,24000,0,0,0,0,-24000
2014/08/07,8110,華東            ,53000,59000,0,19000,0,0,-25000
2014/08/07,4144,F-康聯          ,0,24000,0,0,0,1000,-25000
2014/08/07,1514,亞力            ,1000,26000,0,0,0,0,-25000
2014/08/07,1737,臺鹽            ,13000,7000,0,0,0,32000,-26000
2014/08/07,1506,正道            ,8000,34000,0,0,0,0,-26000
2014/08/07,8411,F-福貞          ,0,25000,0,0,0,2000,-27000
2014/08/07,6235,華孚            ,1000,30000,0,0,1000,0,-28000
2014/08/07,3028,增你強          ,0,26000,0,0,0,2000,-28000
2014/08/07,5608,四維航          ,1000,28000,0,0,0,1000,-28000
2014/08/07,2912,統一超          ,459369,477095,6000,0,0,17000,-28726
2014/08/07,2007,燁興            ,0,28000,0,0,0,1000,-29000
2014/08/07,1729,必翔            ,79000,146000,0,0,40000,2000,-29000
2014/08/07,1907,永豐餘          ,277799,280000,0,27000,12000,12000,-29201
2014/08/07,006204,豐臺灣          ,0,0,0,0,0,29657,-29657
2014/08/07,4164,承業醫          ,19000,18000,0,0,0,31000,-30000
2014/08/07,6251,定穎            ,0,31000,0,0,0,0,-31000
2014/08/07,3054,立萬利          ,14000,33000,0,12000,0,0,-31000
2014/08/07,2901,欣欣            ,0,32000,0,0,0,0,-32000
2014/08/07,1468,昶和            ,5000,37000,0,0,0,0,-32000
2014/08/07,9934,成霖            ,54000,82000,0,0,0,4000,-32000
2014/08/07,6243,迅杰            ,6000,48000,0,0,10000,0,-32000
2014/08/07,6197,佳必琪          ,17000,50000,0,0,0,0,-33000
2014/08/07,6108,競國            ,1000,34000,0,0,0,0,-33000
2014/08/07,2816,旺旺保          ,21000,53000,0,0,0,1000,-33000
2014/08/07,2530,華建            ,15000,44000,0,0,0,4000,-33000
2014/08/07,8996,高力            ,3000,2000,0,0,3000,37000,-33000
2014/08/07,2404,漢唐            ,192000,206504,0,18000,0,1000,-33504
2014/08/07,8163,達方            ,12000,7000,0,7000,0,32000,-34000
2014/08/07,3588,通嘉            ,7000,41000,0,0,0,0,-34000
2014/08/07,2013,中鋼構          ,0,34000,0,0,0,0,-34000
2014/08/07,6112,聚碩            ,5000,39000,0,0,0,0,-34000
2014/08/07,5264,F-鎧勝          ,87000,24000,0,21000,8000,84000,-34000
2014/08/07,2363,矽統            ,46000,56000,0,25000,0,0,-35000
2014/08/07,1611,中電            ,0,31000,0,0,0,5000,-36000
2014/08/07,6504,南六            ,4000,10000,0,27000,3000,6000,-36000
2014/08/07,3532,台勝科          ,47000,74000,0,3000,1000,8000,-37000
2014/08/07,3031,佰鴻            ,0,25000,0,0,0,13000,-38000
2014/08/07,3598,奕力            ,178000,188000,0,0,0,28000,-38000
2014/08/07,2911,麗嬰房          ,19000,61000,0,0,5000,1000,-38000
2014/08/07,3443,創意            ,88000,26000,1000,0,6000,107000,-38000
2014/08/07,2062,橋椿            ,114000,39000,0,80000,0,34000,-39000
2014/08/07,8081,致新            ,12000,48000,0,2000,0,1000,-39000
2014/08/07,2472,立隆電          ,15000,55000,0,0,0,0,-40000
2014/08/07,3017,奇鋐            ,71000,131000,0,0,20000,0,-40000
2014/08/07,3062,建漢            ,26000,41000,0,0,31000,56000,-40000
2014/08/07,9941,裕融            ,42000,61000,0,0,0,21000,-40000
2014/08/07,6226,光鼎            ,0,24000,0,0,0,17000,-41000
2014/08/07,6702,興航            ,1000,39000,0,0,0,4000,-42000
2014/08/07,3014,聯陽            ,71000,114000,0,0,0,0,-43000
2014/08/07,2534,宏盛            ,2000,41000,0,0,0,4000,-43000
2014/08/07,3229,晟鈦            ,13000,56000,0,0,0,0,-43000
2014/08/07,2923,F-鼎固          ,115000,146000,0,0,0,13000,-44000
2014/08/07,4977,F-眾達          ,5000,12000,0,68000,31000,0,-44000
2014/08/07,2428,興勤            ,12000,54000,0,0,0,2000,-44000
2014/08/07,1582,信錦            ,121040,157451,0,3000,2000,7000,-44411
2014/08/07,6168,宏齊            ,99000,68000,0,0,0,77000,-46000
2014/08/07,2467,志聖            ,8000,55000,0,0,0,0,-47000
2014/08/07,2338,光罩            ,8000,55000,0,0,0,0,-47000
2014/08/07,1731,美吾華          ,0,47000,0,0,0,1000,-48000
2014/08/07,3090,日電貿          ,5000,54000,0,0,0,0,-49000
2014/08/07,4137,F-麗豐          ,66000,89000,0,10000,42000,59000,-50000
2014/08/07,2704,國賓            ,4000,52000,0,0,0,2000,-50000
2014/08/07,1432,大魯閣          ,9000,58000,0,0,0,2000,-51000
2014/08/07,2102,泰豐            ,15000,55000,0,0,0,11000,-51000
2014/08/07,2373,震旦行          ,1000,53000,0,0,0,0,-52000
2014/08/07,1234,黑松            ,14000,55000,0,10000,0,2000,-53000
2014/08/07,1533,車王電          ,36000,89000,0,0,0,1000,-54000
2014/08/07,2443,新利虹          ,0,54000,0,0,0,0,-54000
2014/08/07,1727,中華化          ,0,54000,0,0,0,0,-54000
2014/08/07,8150,南茂            ,60000,145031,34000,0,0,3000,-54031
2014/08/07,1608,華榮            ,0,49000,0,0,0,6000,-55000
2014/08/07,2820,華票            ,8000,57000,0,0,0,9000,-58000
2014/08/07,2545,皇翔            ,20000,75000,0,0,0,3000,-58000
2014/08/07,3579,尚志            ,2000,58000,0,0,0,2000,-58000
2014/08/07,2106,建大            ,222235,271000,0,0,0,11000,-59765
2014/08/07,4119,旭富            ,29000,88000,0,0,0,1000,-60000
2014/08/07,2009,第一銅          ,0,60000,0,0,0,0,-60000
2014/08/07,1304,台聚            ,344000,352000,0,0,55000,107000,-60000
2014/08/07,1507,永大            ,50474,135000,0,0,31000,7000,-60526
2014/08/07,9917,中保            ,31159,35000,70000,0,0,127000,-60841
2014/08/07,3380,明泰            ,38000,103000,2000,0,9000,7000,-61000
2014/08/07,5706,鳳凰            ,1000,21000,0,43000,0,0,-63000
2014/08/07,1460,宏遠            ,13000,74000,0,0,0,3000,-64000
2014/08/07,3033,威健            ,59000,120000,0,3000,0,0,-64000
2014/08/07,6196,帆宣            ,123000,178000,0,0,0,9000,-64000
2014/08/07,3060,銘異            ,25000,81000,1000,0,2000,12000,-65000
2014/08/07,1229,聯華            ,198000,200000,0,0,0,63000,-65000
2014/08/07,6415,F-矽力          ,275215,304700,0,43000,13000,6000,-65485
2014/08/07,2495,普安            ,0,66000,0,0,0,0,-66000
2014/08/07,1463,強盛            ,36000,101000,0,0,0,1000,-66000
2014/08/07,2342,茂矽            ,32000,99000,0,0,0,0,-67000
2014/08/07,1218,泰山            ,18000,83000,0,0,0,2000,-67000
2014/08/07,1321,大洋            ,5000,51000,0,0,1000,23000,-68000
2014/08/07,6209,今國光          ,0,46000,0,22000,0,0,-68000
2014/08/07,9946,三發            ,0,67000,0,0,3000,4000,-68000
2014/08/07,8103,瀚荃            ,13000,79000,0,0,0,4000,-70000
2014/08/07,2405,浩鑫            ,57000,127000,0,0,0,0,-70000
2014/08/07,1536,和大            ,44000,380000,0,0,302000,36000,-70000
2014/08/07,6286,立錡            ,101000,202000,0,0,61000,31000,-71000
2014/08/07,6191,精成科          ,0,60000,0,6000,0,6000,-72000
2014/08/07,3010,華立            ,10000,72000,0,0,0,11000,-73000
2014/08/07,2101,南港            ,56000,152000,0,0,48000,26000,-74000
2014/08/07,1455,集盛            ,15000,87000,0,0,0,2000,-74000
2014/08/07,1337,F-再生          ,76000,132000,0,0,11000,30000,-75000
2014/08/07,1717,長興            ,65984,130000,0,0,0,11000,-75016
2014/08/07,2524,京城            ,0,75000,0,0,0,1000,-76000
2014/08/07,5531,鄉林            ,10000,79000,0,0,0,7000,-76000
2014/08/07,2637,F-慧洋          ,4000,81000,0,0,0,0,-77000
2014/08/07,1227,佳格            ,57000,128755,3000,0,0,9000,-77755
2014/08/07,4725,信昌化          ,117000,190000,0,0,2000,7000,-78000
2014/08/07,3003,健和興          ,108000,178000,0,10000,1000,0,-79000
2014/08/07,8114,振樺電          ,20000,153000,60000,10000,6000,3000,-80000
2014/08/07,1532,勤美            ,5000,84000,0,0,0,4000,-83000
2014/08/07,5234,達興            ,3000,29000,0,14000,0,43000,-83000
2014/08/07,6271,同欣電          ,77000,149000,0,0,6000,17000,-83000
2014/08/07,2458,義隆            ,253000,129000,0,157000,23000,74000,-84000
2014/08/07,2377,微星            ,2494844,1621000,3000,0,357000,1319000,-85156
2014/08/07,5515,建國            ,11000,97000,0,0,0,1000,-87000
2014/08/07,2444,友旺            ,0,88000,0,0,0,0,-88000
2014/08/07,4935,F-茂林          ,8000,92000,0,0,0,4000,-88000
2014/08/07,1806,冠軍            ,2000,88000,0,0,0,3000,-89000
2014/08/07,6230,超眾            ,349000,719000,283000,0,105000,110000,-92000
2014/08/07,2392,正崴            ,304205,456000,2000,0,57000,5000,-97795
2014/08/07,5471,松翰            ,8000,77000,0,0,4000,34000,-99000
2014/08/07,1715,萬洲            ,38000,128000,0,0,3000,12000,-99000
2014/08/07,2420,新巨            ,18000,104392,0,10000,0,4000,-100392
2014/08/07,1319,東陽            ,170000,134000,0,50000,0,87000,-101000
2014/08/07,3005,神基            ,24000,103000,0,5000,0,17000,-101000
2014/08/07,2451,創見            ,132059,104050,9000,115000,0,25000,-102991
2014/08/07,3704,合勤控          ,955000,701000,0,10000,218000,566000,-104000
2014/08/07,9930,中聯資          ,1000,9000,0,0,0,98000,-106000
2014/08/07,6145,勁永            ,0,107000,0,0,0,0,-107000
2014/08/07,2207,和泰車          ,52000,157330,5000,0,0,7000,-107330
2014/08/07,5880,合庫金          ,1682000,1813355,57000,0,0,33000,-107355
2014/08/07,3040,遠見            ,2000,110000,0,0,0,0,-108000
2014/08/07,4942,嘉彰            ,11000,121000,1000,0,0,2000,-111000
2014/08/07,9940,信義            ,14000,122979,0,0,0,5000,-113979
2014/08/07,2390,云辰            ,32000,124000,0,0,0,23000,-115000
2014/08/07,2731,雄獅            ,0,35000,0,10000,0,70000,-115000
2014/08/07,2006,東鋼            ,121000,226000,0,0,0,12000,-117000
2014/08/07,2882,國泰金          ,9052361,9218219,83000,133000,1024000,927000,-118858
2014/08/07,1531,高林股          ,72000,114000,0,77000,0,3000,-122000
2014/08/07,8926,台汽電          ,8000,124000,0,0,0,7000,-123000
2014/08/07,2301,光寶科          ,3102930,2974187,52000,323000,79000,60000,-123257
2014/08/07,4526,東台            ,31000,153000,0,0,0,3000,-125000
2014/08/07,1720,生達            ,4000,129000,0,0,0,0,-125000
2014/08/07,3022,威強電          ,21000,106000,1000,0,8000,51000,-127000
2014/08/07,3048,益登            ,0,128000,0,0,0,0,-128000
2014/08/07,3019,亞光            ,118000,203000,0,18965,55000,86000,-134965
2014/08/07,6285,啟??            ,728000,438000,300000,0,101000,826000,-135000
2014/08/07,9105,泰金寶          ,0,137000,0,0,0,0,-137000
2014/08/07,2109,華豐            ,2000,116000,0,0,0,23000,-137000
2014/08/07,1733,五鼎            ,6000,142000,0,0,0,1000,-137000
2014/08/07,1722,台肥            ,220012,397250,8000,0,49000,18000,-138238
2014/08/07,2347,聯強            ,688077,770885,22000,0,13000,92000,-139808
2014/08/07,2227,裕日車          ,19000,113000,1000,83000,36000,3000,-143000
2014/08/07,3622,洋華            ,18000,162000,0,0,0,0,-144000
2014/08/07,2488,漢平            ,8000,2000,0,0,0,150000,-144000
2014/08/07,9911,櫻花            ,62000,6000,0,0,0,202000,-146000
2014/08/07,5534,長虹            ,13000,150000,0,0,3000,13000,-147000
2014/08/07,2431,聯昌            ,14000,163000,0,0,0,0,-149000
2014/08/07,1444,力麗            ,1000,150000,0,0,0,0,-149000
2014/08/07,4532,瑞智            ,50000,139647,0,0,0,60000,-149647
2014/08/07,6214,精誠            ,13000,181000,4000,0,5000,2000,-161000
2014/08/07,8271,宇瞻            ,16000,181000,0,0,0,0,-165000
2014/08/07,8112,至上            ,373000,525000,0,0,0,17000,-169000
2014/08/07,8210,勤誠            ,2000,129000,7000,0,0,50000,-170000
2014/08/07,4733,上緯            ,2000,157000,0,15000,0,0,-170000
2014/08/07,1476,儒鴻            ,100000,223880,5000,0,3000,58000,-173880
2014/08/07,3682,亞太電          ,317654,488325,53000,0,107000,167000,-177671
2014/08/07,2436,偉詮電          ,18000,139000,0,0,70000,130000,-181000
2014/08/07,2489,瑞軒            ,202000,137000,0,2000,0,244000,-181000
2014/08/07,3356,奇偶            ,5000,169000,0,0,0,27000,-191000
2014/08/07,2023,燁輝            ,8000,179000,0,0,0,21000,-192000
2014/08/07,8422,可寧衛          ,26000,171000,0,0,1000,51000,-195000
2014/08/07,1789,神隆            ,80000,242184,2000,0,30000,65000,-195184
2014/08/07,1210,大成            ,68000,240000,0,0,6000,31000,-197000
2014/08/07,2461,光群雷          ,0,141000,0,0,0,58000,-199000
2014/08/07,3607,谷崧            ,38000,251000,10000,0,0,3000,-206000
2014/08/07,2905,三商            ,63000,264280,0,0,0,7000,-208280
2014/08/07,3021,鴻名            ,0,212000,0,0,1000,0,-211000
2014/08/07,1503,士電            ,63000,146000,0,123000,0,5000,-211000
2014/08/07,3533,嘉澤            ,106000,313000,0,0,0,5000,-212000
2014/08/07,9921,巨大            ,144070,356580,3000,0,2000,6000,-213510
2014/08/07,2357,華碩            ,1723840,2058654,10000,36000,196000,56000,-220814
2014/08/07,2542,興富發          ,383000,586963,13000,0,0,30000,-220963
2014/08/07,1215,卜蜂            ,37000,410044,150000,0,0,3000,-226044
2014/08/07,2845,遠東銀          ,75000,342000,0,0,50000,10000,-227000
2014/08/07,3149,正達            ,68000,275000,2000,0,7000,39000,-237000
2014/08/07,1714,和桐            ,93000,255000,0,0,0,75000,-237000
2014/08/07,6005,群益證          ,781000,1015000,0,0,0,6000,-240000
2014/08/07,0056,高股息          ,0,0,0,0,1000,242000,-241000
2014/08/07,4919,新唐            ,4000,261346,16000,0,0,0,-241346
2014/08/07,6206,飛捷            ,32000,47000,0,0,16000,250000,-249000
2014/08/07,2615,萬海            ,120244,338571,0,0,0,33000,-251327
2014/08/07,2362,藍天            ,124000,170425,5000,0,0,211000,-252425
2014/08/07,2231,為升            ,39000,80000,16000,178000,18000,68000,-253000
2014/08/07,8249,菱光            ,13000,274000,0,0,4000,4000,-261000
2014/08/07,1537,廣隆            ,9000,59399,0,178000,0,36000,-264399
2014/08/07,2103,台橡            ,686530,246130,18000,0,9000,737000,-269600
2014/08/07,2847,大眾銀          ,260000,523000,0,0,0,9000,-272000
2014/08/07,1718,中纖            ,180000,370000,0,0,0,87000,-277000
2014/08/07,2376,技嘉            ,453117,471948,1000,0,0,267000,-284831
2014/08/07,2515,中工            ,25000,133000,0,56000,0,122000,-286000
2014/08/07,2603,長榮            ,793202,1061040,17000,0,15000,51000,-286838
2014/08/07,2059,川湖            ,120000,346000,10000,79000,17000,15000,-293000
2014/08/07,1723,中碳            ,122000,424462,20000,0,0,13000,-295462
2014/08/07,3705,永信            ,386000,680450,0,50000,66000,21000,-299450
2014/08/07,2383,台光電          ,281000,431836,65000,32000,13000,200000,-304836
2014/08/07,2903,遠百            ,1337995,1133013,10000,500000,7000,43000,-321018
2014/08/07,5305,敦南            ,3000,328000,0,3000,6000,0,-322000
2014/08/07,1338,F-廣華          ,35000,59000,0,32000,3000,269873,-322873
2014/08/07,1313,聯成            ,3000,557000,334000,0,0,108000,-328000
2014/08/07,2393,億光            ,165198,535000,132000,137000,86000,40000,-328802
2014/08/07,2535,達欣工          ,15000,350000,0,0,0,2000,-337000
2014/08/07,4141,F-龍燈          ,169000,459000,0,0,48000,106000,-348000
2014/08/07,2002,中鋼            ,4217163,6118153,1849000,0,689000,986000,-348990
2014/08/07,9938,百和            ,14000,287000,0,0,111000,188000,-350000
2014/08/07,6605,帝寶            ,83000,122846,17000,306000,5000,45000,-368846
2014/08/07,2889,國票金          ,437000,783000,0,0,0,23000,-369000
2014/08/07,1904,正隆            ,10000,377749,0,0,0,5000,-372749
2014/08/07,2605,新興            ,102000,480000,0,0,0,12000,-390000
2014/08/07,2345,智邦            ,158000,483000,0,3000,7000,80000,-401000
2014/08/07,3514,昱晶            ,1612000,1091000,0,8000,278000,1197000,-406000
2014/08/07,2439,美律            ,60000,294000,37000,0,43000,270000,-424000
2014/08/07,1440,南紡            ,41000,409000,0,0,0,68000,-436000
2014/08/07,3698,隆達            ,1187000,1062000,6000,0,32000,613000,-450000
2014/08/07,2369,菱生            ,216000,583000,0,4000,0,82000,-453000
2014/08/07,1447,力鵬            ,57000,463000,0,0,0,48000,-454000
2014/08/07,2485,兆赫            ,204000,529000,0,0,16000,149000,-458000
2014/08/07,3061,璨圓            ,171000,164000,0,34181,30000,477000,-474181
2014/08/07,1802,台玻            ,165861,637155,10000,0,10000,30000,-481294
2014/08/07,6269,台郡            ,49000,90000,1000,0,72000,522000,-490000
2014/08/07,3023,信邦            ,15000,187724,2000,100000,2000,225000,-493724
2014/08/07,2474,可成            ,1620005,1864885,209000,76000,174000,564652,-502532
2014/08/07,1402,遠東新          ,1281582,1755995,31000,0,0,60000,-503413
2014/08/07,2457,飛宏            ,1000,526000,1000,0,1000,10000,-533000
2014/08/07,1589,F-永冠          ,144988,309000,167000,285000,94000,347000,-535012
2014/08/07,2454,聯發科          ,2941956,3092461,34000,0,271000,694000,-539505
2014/08/07,8039,台虹            ,17000,395000,2000,148000,1000,24000,-547000
2014/08/07,1712,興農            ,45000,581000,0,0,0,13000,-549000
2014/08/07,1326,台化            ,656230,1181475,33000,0,2000,66000,-556245
2014/08/07,2609,陽明            ,552913,1096640,14000,0,17000,44000,-556727
2014/08/07,4938,和碩            ,4090989,4118520,25000,571000,46000,40000,-567531
2014/08/07,2206,三陽            ,265635,371000,0,0,39000,513000,-579365
2014/08/07,2419,仲琦            ,54000,647000,0,0,0,0,-593000
2014/08/07,1409,新纖            ,651000,1246000,0,0,38000,45000,-602000
2014/08/07,1711,永光            ,645000,212000,0,1107000,439000,374000,-609000
2014/08/07,6412,群電            ,529000,175000,6000,525000,40000,513000,-638000
2014/08/07,2368,金像電          ,11000,689000,0,0,41000,1000,-638000
2014/08/07,2801,彰銀            ,1438842,1941920,48000,0,747000,943397,-651475
2014/08/07,2337,旺宏            ,852855,1494000,0,0,0,14000,-655145
2014/08/07,1312,國喬            ,290000,199000,0,0,657000,1407000,-659000
2014/08/07,1434,福懋            ,233716,762959,8000,140000,0,38000,-699243
2014/08/07,2504,國產            ,136000,823000,0,0,0,15000,-702000
2014/08/07,3006,晶豪科          ,269000,693000,0,0,77000,419000,-766000
2014/08/07,3030,德律            ,629000,1041000,0,0,241000,600000,-771000
2014/08/07,2606,裕民            ,69000,836325,4000,0,0,14000,-777325
2014/08/07,2329,華泰            ,121000,979000,0,0,0,0,-858000
2014/08/07,2499,東貝            ,192000,984000,2000,0,18000,87000,-859000
2014/08/07,6202,盛群            ,149000,626000,1000,0,10000,400000,-866000
2014/08/07,6505,台塑化          ,268000,1123195,12000,0,3000,84000,-924195
2014/08/07,2105,正新            ,384039,1281035,17000,0,4000,101000,-976996
2014/08/07,4934,太極            ,255000,246000,0,0,0,1000000,-991000
2014/08/07,2908,特力            ,217000,1253000,0,0,0,5000,-1041000
2014/08/07,2384,勝華            ,799303,1925000,0,0,79000,7000,-1053697
2014/08/07,6153,嘉聯益          ,262000,1050000,81000,0,324000,674000,-1057000
2014/08/07,3042,晶技            ,218000,1336000,61000,14000,47000,36000,-1060000
2014/08/07,6257,矽格            ,73000,439416,2000,570000,11000,174000,-1097416
2014/08/07,2406,國碩            ,97000,1176000,3000,0,37000,96000,-1135000
2014/08/07,2610,華航            ,496000,1593095,27000,0,0,69000,-1139095
2014/08/07,9904,寶成            ,926132,1987170,21000,0,24000,130000,-1146038
2014/08/07,3037,欣興            ,2292510,3060830,15000,0,59000,500000,-1194320
2014/08/07,1702,南僑            ,113000,1017000,0,50000,59000,336000,-1231000
2014/08/07,3576,新日光          ,145839,1428000,1000,0,96000,66000,-1251161
2014/08/07,2475,華映            ,0,1279000,0,0,0,0,-1279000
2014/08/07,6116,彩晶            ,261800,1741000,15000,0,280000,134000,-1318200
2014/08/07,5388,中磊            ,144000,1221689,172000,420000,338000,334000,-1321689
2014/08/07,2313,華通            ,1630625,2709020,3000,0,144000,499000,-1430395
2014/08/07,2331,精英            ,392000,1053000,0,0,53000,886000,-1494000
2014/08/07,3673,F-TPK           ,686780,2004760,5000,0,209000,450000,-1553980
2014/08/07,1301,台塑            ,583000,2201704,42000,0,3000,80000,-1653704
2014/08/07,2325,矽品            ,7843771,9525286,76000,199000,896000,862000,-1770515
2014/08/07,1303,南亞            ,915925,2710523,139000,0,10000,138000,-1783598
2014/08/07,2448,晶電            ,1023153,2237565,20000,181000,241000,656000,-1790412
2014/08/07,6176,瑞儀            ,436879,1886940,11000,0,82000,438000,-1795061
2014/08/07,3035,智原            ,327000,1924000,2000,0,40000,269000,-1824000
2014/08/07,006205,FB上証          ,0,0,125000,0,4655000,6608000,-1828000
2014/08/07,2887,台新金          ,3013068,4484038,77000,0,60000,708000,-2041970
2014/08/07,2382,廣達            ,1867678,4101135,103000,0,0,174000,-2304457
2014/08/07,0061,寶滬深          ,12000,802000,171000,0,6970000,9020000,-2669000
2014/08/07,1216,統一            ,3301353,3561584,48000,0,120000,3186000,-3278231
2014/08/07,2312,金寶            ,194000,2448000,11000,0,182000,1314000,-3375000
2014/08/07,0050,台灣50          ,0,338000,32000,0,640000,4114000,-3780000
2014/08/07,2330,台積電          ,18073783,22941328,911000,350000,868000,621000,-4059545
2014/08/07,6282,康舒            ,1456000,5392000,718000,31000,916000,1769000,-4102000
2014/08/07,2324,仁寶            ,3257541,7113725,162000,0,1045000,1492000,-4141184
2014/08/07,2888,新光金          ,15041386,20679490,76000,0,388000,209000,-5383104
2014/08/07,2344,華邦電          ,4972409,8612000,16000,0,110000,2305000,-5818591
2014/08/07,9907,統一實          ,177000,1178000,0,1939000,235000,3542000,-6247000
2014/08/07,2303,聯電            ,13339335,20273580,188000,150000,2459000,2029000,-6466245
2014/08/07,2449,京元電          ,2370242,8303000,30000,30000,250000,1010000,-6692758
2014/08/07,3474,華亞科          ,7571169,14430375,201000,2628000,897000,6576000,-14965206
2014/08/07,3702,大聯大          ,1544661,2827625,510000,0,37000,55225000,-55960964
